
9.101119088057134
15.56226024657515
22.10584170148139
29.99200556106586
9.101119088057134
15.56226024657515
22.10584170148139
29.99200556106586
9.101119088057134
15.56226024657515
22.10584170148139
29.99200556106586
9.101119088057134
15.56226024657515
22.10584170148139
29.99200556106586
9.101119088057134
15.56226024657515
22.10584170148139
29.99200556106586
9.101119088057134
15.56226024657515
22.10584170148139
29.99200556106586
9.101119088057134
15.56226024657515
22.10584170148139
29.99200556106586
9.101119088057134
15.56226024657515
22.10584170148139
29.99200556106586
9.101119088057134
15.56226024657515
22.10584170148139
29.99200556106586
9.101119088057134
15.56226024657515
22.10584170148139
29.99200556106586
9.101119088057134
15.56226024657515
22.10584170148139
29.99200556106586
9.101119088057134
15.56226024657515
22.10584170148139
29.99200556106586
9.101119088057134
15.56226024657515
22.10584170148139
29.99200556106586
9.101119088057134
15.56226024657515
22.10584170148139
29.99200556106586
9.101119088057134
15.56226024657515
22.10584170148139
29.99200556106586
9.101119088057134
15.56226024657515
22.10584170148139
29.99200556106586
9.101119088057134
15.56226024657515
22.10584170148139
29.99200556106586
9.101119088057134
15.56226024657515
22.10584170148139
29.99200556106586
9.101119088057134
15.56226024657515
22.10584170148139
29.99200556106586
9.101119088057134
15.56226024657515
22.10584170148139
29.99200556106586
9.101119088057134
15.56226024657515
22.10584170148139
29.99200556106586
9.101119088057134
15.56226024657515
22.10584170148139
29.99200556106586
9.101119088057134
15.56226024657515
22.10584170148139
29.99200556106586
9.101119088057134
15.56226024657515
22.10584170148139
29.99200556106586
9.101119088057134
15.56226024657515
22.10584170148139
29.99200556106586
9.101119088057134
15.56226024657515
22.10584170148139
29.99200556106586
9.101119088057134
15.56226024657515
22.10584170148139
29.99200556106586
9.101119088057134
15.56226024657515
22.10584170148139
29.99200556106586
9.101119088057134
15.56226024657515
22.10584170148139
29.99200556106586
9.101119088057134
15.56226024657515
22.10584170148139
29.99200556106586
9.101119088057134
15.56226024657515
22.10584170148139
29.99200556106586
9.101119088057134
15.56226024657515
22.10584170148139
29.99200556106586
9.101119088057134
15.56226024657515
22.10584170148139
29.99200556106586
9.101119088057134
15.56226024657515
22.10584170148139
29.99200556106586
9.101119088057134
15.56226024657515
22.10584170148139
29.99200556106586
9.101119088057134
15.56226024657515
22.10584170148139
29.99200556106586
9.101119088057134
15.56226024657515
22.10584170148139
29.99200556106586
9.101119088057134
15.56226024657515
22.10584170148139
29.99200556106586
9.101119088057134
15.56226024657515
22.10584170148139
29.99200556106586
9.101119088057134
15.56226024657515
22.10584170148139
29.99200556106586
9.101119088057134
15.56226024657515
22.10584170148139
29.99200556106586
9.101119088057134
15.56226024657515
22.10584170148139
29.99200556106586
9.101119088057134
15.56226024657515
22.10584170148139
29.99200556106586
9.101119088057134
15.56226024657515
22.10584170148139
29.99200556106586
9.101119088057134
15.56226024657515
22.10584170148139
29.99200556106586
9.101119088057134
15.56226024657515
22.10584170148139
29.99200556106586
9.101119088057134
15.56226024657515
22.10584170148139
29.99200556106586
9.101119088057134
15.56226024657515
22.10584170148139
29.99200556106586
9.101119088057134
15.56226024657515
22.10584170148139
29.99200556106586
9.101119088057134
15.56226024657515
22.10584170148139
29.99200556106586
